{
 "cells": [
  {
   "cell_type": "markdown",
   "id": "3334c33f",
   "metadata": {},
   "source": [
    "# Projeto de Implementação do Fuzzy C-Means\n",
    "\n",
    "- Enzo Ambrósio (RA: 24008773)\n",
    "- Giulia Monteiro Garrido (RA: 24010281)\n",
    "- Thomaz Dacorso (RA: 24012310)"
   ]
  },
  {
   "cell_type": "markdown",
   "id": "199f8ea5",
   "metadata": {},
   "source": [
    "## Requisitos"
   ]
  },
  {
   "cell_type": "markdown",
   "id": "87bb9984",
   "metadata": {},
   "source": [
    "**Requisitos do Projeto:**\n",
    "1. Implementação e explicação do funcionamento do algoritmo (7pts)\n",
    "\n",
    "2. Aplicar o algoritmo na base de dados Iris (completa, 4 atributos, 3 classes) e listar as pertinências de cada amostra usando 3 grupos (1pt)\n",
    "\n",
    "3. Plot de resultados utilizando a base de dados Iris (apenas as amostras virgínica e versicolor) usando 2 grupos. Notem que é importante demonstrar a pertinência intermediária, o que será mais fácil em um problema de binário (2pts)"
   ]
  },
  {
   "cell_type": "markdown",
   "id": "a308bd03",
   "metadata": {},
   "source": [
    "| **Parâmetros** | **Significado** |\n",
    "| --- | --- |\n",
    "| k | N° de grupos |\n",
    "| m | Fator de difusão/fuzzificação |"
   ]
  },
  {
   "cell_type": "markdown",
   "id": "8fdcd34f",
   "metadata": {},
   "source": [
    "| **Fórmulas/Funções** |\n",
    "| --- |\n",
    "| Criar pertinências aleatórias |\n",
    "| Pertinência / w |\n",
    "| Função objetivo |\n",
    "| Atualizar centróides |"
   ]
  },
  {
   "cell_type": "markdown",
   "id": "8debe4d8",
   "metadata": {},
   "source": [
    "## Etapa 1"
   ]
  },
  {
   "cell_type": "code",
   "execution_count": 16,
   "id": "65c65166",
   "metadata": {},
   "outputs": [],
   "source": [
    "import numpy as np\n",
    "import pandas as pd\n",
    "import matplotlib.pyplot as plt\n",
    "import seaborn as sns\n",
    "\n",
    "from scipy.spatial.distance import cdist"
   ]
  },
  {
   "cell_type": "code",
   "execution_count": 17,
   "id": "48db48b0",
   "metadata": {},
   "outputs": [],
   "source": [
    "#distancias = cdist(X, centroids, metric='euclidean')"
   ]
  },
  {
   "cell_type": "code",
   "execution_count": 18,
   "id": "b31c704c",
   "metadata": {},
   "outputs": [],
   "source": [
    "def generate_random_relevence(X,k):\n",
    "    \n",
    "    '''\n",
    "    Atribui a cada item uma relevância aleatória para cada grupo k.\n",
    "    Garante que a soma de cada linha seja 1.\n",
    "    '''\n",
    "\n",
    "    relevences=[]    \n",
    "    \n",
    "    for i in range(len(X)):\n",
    "        relevences.append([])\n",
    "        aux=0\n",
    "        sum=0\n",
    "\n",
    "        for j in range(k):\n",
    "            relevences[i].append(np.random.uniform(0,1-aux))\n",
    "            aux+=relevences[i][j]\n",
    "            sum+=relevences[i][j]\n",
    "\n",
    "        if sum!=1:\n",
    "            relevences[i][0]=1-sum+relevences[i][0]\n",
    "\n",
    "    return np.array(relevences)\n",
    "    \n"
   ]
  },
  {
   "cell_type": "code",
   "execution_count": 19,
   "id": "918391ca",
   "metadata": {},
   "outputs": [],
   "source": [
    "def pertinencias(X, C, m):\n",
    "    '''\n",
    "    X: matriz de amostras\n",
    "    C: matriz de centróides\n",
    "    m: parâmetro de fuzziness\n",
    "\n",
    "    Calcula a pertinência w_ij de xi ao centróide C[j]\n",
    "    usando cdist para calcular as distâncias euclidianas.\n",
    "    '''\n",
    "\n",
    "    # cdist é de matrizes 2D, então fiz o reshape xi para (1, n_features)\n",
    "    # ai da um o array do shape com a distancia de xi pro centroide\n",
    "\n",
    "    U=[]\n",
    "\n",
    "    distancias = cdist(X, C, metric='euclidean')\n",
    "\n",
    "    exponent = 2 / (m - 1)\n",
    "\n",
    "    for i in distancias:\n",
    "        aux_U=[]\n",
    "\n",
    "        for dist_j in i:\n",
    "            sum = 0\n",
    "            \n",
    "            for dist_l in i:\n",
    "\n",
    "                if dist_l == 0:\n",
    "                    sum+=(1.0 if dist_l == dist_j else 0.0)\n",
    "                else:\n",
    "                    sum += (dist_j / dist_l) \n",
    "                     \n",
    "            sum = sum ** exponent\n",
    "            aux_U.append(1 / sum)\n",
    "\n",
    "        U.append(aux_U)\n",
    "\n",
    "    return np.array(U)\n"
   ]
  },
  {
   "cell_type": "code",
   "execution_count": 20,
   "id": "ce32bcbb",
   "metadata": {},
   "outputs": [],
   "source": [
    "def centroid_update(X, U, m):\n",
    "\n",
    "    k = U.shape[1]\n",
    "    C = []\n",
    "\n",
    "    for j in range(k):\n",
    "        numerador = 0\n",
    "        denominador = 0\n",
    "\n",
    "        for i in range(len(X)):\n",
    "            numerador += (U[i][j]) * X[i]\n",
    "            denominador += U[i][j]\n",
    "\n",
    "        C.append(numerador/denominador)\n",
    "    \n",
    "    return np.array(C)"
   ]
  },
  {
   "cell_type": "code",
   "execution_count": 21,
   "id": "9ff07a38",
   "metadata": {},
   "outputs": [],
   "source": [
    "def objective_function(X,C,U):\n",
    "\n",
    "    '''\n",
    "    X: matriz de dados\n",
    "    C: matriz de centróides\n",
    "    U: matriz de pertinência\n",
    "    Calcula a função objetivo do FCM    \n",
    "    '''\n",
    "\n",
    "    n_samples = X.shape[0]\n",
    "    n_clusters = C.shape[0]\n",
    "    J = 0\n",
    "    \n",
    "    for i in range(n_samples):\n",
    "        for j in range(n_clusters):\n",
    "            u_ij = U[i, j]\n",
    "            J += (u_ij) * (np.linalg.norm(X[i] - C[j]) ** 2)\n",
    "\n",
    "    return J"
   ]
  },
  {
   "cell_type": "code",
   "execution_count": 22,
   "id": "e4889b51",
   "metadata": {},
   "outputs": [],
   "source": [
    "def fuzzy_cmeans(X, k, m, max_iter=100, conv = 0.001):\n",
    "\n",
    "    n_samples = X.shape[0] #n° de linhas\n",
    "\n",
    "    J_history = []\n",
    "\n",
    "    U = generate_random_relevence(X, k) #cria a matriz de pertinência aleatória inicial\n",
    "\n",
    "    C=centroid_update(X, U, m) #inicializa a matriz de centróides\n",
    "\n",
    "    for iteration in range(max_iter):\n",
    "        C_old = C.copy()\n",
    "        \n",
    "        U=pertinencias(X, C, m)\n",
    "        C = centroid_update(X, U, m)\n",
    "        J = objective_function(X, C, U)\n",
    "        \n",
    "\n",
    "        J_history.append(J)\n",
    "        convergence = np.linalg.norm(C - C_old)\n",
    "        \n",
    "        if convergence < conv:\n",
    "            print(f\"Convergiu na iteração {iteration}\")\n",
    "            break\n",
    "\n",
    "    \n",
    "    return U, C, J_history\n"
   ]
  },
  {
   "cell_type": "markdown",
   "id": "35c6e843",
   "metadata": {},
   "source": [
    "## Etapa 2"
   ]
  },
  {
   "cell_type": "code",
   "execution_count": 23,
   "id": "d816f2af",
   "metadata": {},
   "outputs": [
    {
     "data": {
      "text/plain": [
       "array([[5.1, 3.5, 1.4, 0.2],\n",
       "       [4.9, 3. , 1.4, 0.2],\n",
       "       [4.7, 3.2, 1.3, 0.2],\n",
       "       [4.6, 3.1, 1.5, 0.2],\n",
       "       [5. , 3.6, 1.4, 0.2],\n",
       "       [5.4, 3.9, 1.7, 0.4],\n",
       "       [4.6, 3.4, 1.4, 0.3],\n",
       "       [5. , 3.4, 1.5, 0.2],\n",
       "       [4.4, 2.9, 1.4, 0.2],\n",
       "       [4.9, 3.1, 1.5, 0.1],\n",
       "       [5.4, 3.7, 1.5, 0.2],\n",
       "       [4.8, 3.4, 1.6, 0.2],\n",
       "       [4.8, 3. , 1.4, 0.1],\n",
       "       [4.3, 3. , 1.1, 0.1],\n",
       "       [5.8, 4. , 1.2, 0.2],\n",
       "       [5.7, 4.4, 1.5, 0.4],\n",
       "       [5.4, 3.9, 1.3, 0.4],\n",
       "       [5.1, 3.5, 1.4, 0.3],\n",
       "       [5.7, 3.8, 1.7, 0.3],\n",
       "       [5.1, 3.8, 1.5, 0.3],\n",
       "       [5.4, 3.4, 1.7, 0.2],\n",
       "       [5.1, 3.7, 1.5, 0.4],\n",
       "       [4.6, 3.6, 1. , 0.2],\n",
       "       [5.1, 3.3, 1.7, 0.5],\n",
       "       [4.8, 3.4, 1.9, 0.2],\n",
       "       [5. , 3. , 1.6, 0.2],\n",
       "       [5. , 3.4, 1.6, 0.4],\n",
       "       [5.2, 3.5, 1.5, 0.2],\n",
       "       [5.2, 3.4, 1.4, 0.2],\n",
       "       [4.7, 3.2, 1.6, 0.2],\n",
       "       [4.8, 3.1, 1.6, 0.2],\n",
       "       [5.4, 3.4, 1.5, 0.4],\n",
       "       [5.2, 4.1, 1.5, 0.1],\n",
       "       [5.5, 4.2, 1.4, 0.2],\n",
       "       [4.9, 3.1, 1.5, 0.2],\n",
       "       [5. , 3.2, 1.2, 0.2],\n",
       "       [5.5, 3.5, 1.3, 0.2],\n",
       "       [4.9, 3.6, 1.4, 0.1],\n",
       "       [4.4, 3. , 1.3, 0.2],\n",
       "       [5.1, 3.4, 1.5, 0.2],\n",
       "       [5. , 3.5, 1.3, 0.3],\n",
       "       [4.5, 2.3, 1.3, 0.3],\n",
       "       [4.4, 3.2, 1.3, 0.2],\n",
       "       [5. , 3.5, 1.6, 0.6],\n",
       "       [5.1, 3.8, 1.9, 0.4],\n",
       "       [4.8, 3. , 1.4, 0.3],\n",
       "       [5.1, 3.8, 1.6, 0.2],\n",
       "       [4.6, 3.2, 1.4, 0.2],\n",
       "       [5.3, 3.7, 1.5, 0.2],\n",
       "       [5. , 3.3, 1.4, 0.2],\n",
       "       [7. , 3.2, 4.7, 1.4],\n",
       "       [6.4, 3.2, 4.5, 1.5],\n",
       "       [6.9, 3.1, 4.9, 1.5],\n",
       "       [5.5, 2.3, 4. , 1.3],\n",
       "       [6.5, 2.8, 4.6, 1.5],\n",
       "       [5.7, 2.8, 4.5, 1.3],\n",
       "       [6.3, 3.3, 4.7, 1.6],\n",
       "       [4.9, 2.4, 3.3, 1. ],\n",
       "       [6.6, 2.9, 4.6, 1.3],\n",
       "       [5.2, 2.7, 3.9, 1.4],\n",
       "       [5. , 2. , 3.5, 1. ],\n",
       "       [5.9, 3. , 4.2, 1.5],\n",
       "       [6. , 2.2, 4. , 1. ],\n",
       "       [6.1, 2.9, 4.7, 1.4],\n",
       "       [5.6, 2.9, 3.6, 1.3],\n",
       "       [6.7, 3.1, 4.4, 1.4],\n",
       "       [5.6, 3. , 4.5, 1.5],\n",
       "       [5.8, 2.7, 4.1, 1. ],\n",
       "       [6.2, 2.2, 4.5, 1.5],\n",
       "       [5.6, 2.5, 3.9, 1.1],\n",
       "       [5.9, 3.2, 4.8, 1.8],\n",
       "       [6.1, 2.8, 4. , 1.3],\n",
       "       [6.3, 2.5, 4.9, 1.5],\n",
       "       [6.1, 2.8, 4.7, 1.2],\n",
       "       [6.4, 2.9, 4.3, 1.3],\n",
       "       [6.6, 3. , 4.4, 1.4],\n",
       "       [6.8, 2.8, 4.8, 1.4],\n",
       "       [6.7, 3. , 5. , 1.7],\n",
       "       [6. , 2.9, 4.5, 1.5],\n",
       "       [5.7, 2.6, 3.5, 1. ],\n",
       "       [5.5, 2.4, 3.8, 1.1],\n",
       "       [5.5, 2.4, 3.7, 1. ],\n",
       "       [5.8, 2.7, 3.9, 1.2],\n",
       "       [6. , 2.7, 5.1, 1.6],\n",
       "       [5.4, 3. , 4.5, 1.5],\n",
       "       [6. , 3.4, 4.5, 1.6],\n",
       "       [6.7, 3.1, 4.7, 1.5],\n",
       "       [6.3, 2.3, 4.4, 1.3],\n",
       "       [5.6, 3. , 4.1, 1.3],\n",
       "       [5.5, 2.5, 4. , 1.3],\n",
       "       [5.5, 2.6, 4.4, 1.2],\n",
       "       [6.1, 3. , 4.6, 1.4],\n",
       "       [5.8, 2.6, 4. , 1.2],\n",
       "       [5. , 2.3, 3.3, 1. ],\n",
       "       [5.6, 2.7, 4.2, 1.3],\n",
       "       [5.7, 3. , 4.2, 1.2],\n",
       "       [5.7, 2.9, 4.2, 1.3],\n",
       "       [6.2, 2.9, 4.3, 1.3],\n",
       "       [5.1, 2.5, 3. , 1.1],\n",
       "       [5.7, 2.8, 4.1, 1.3],\n",
       "       [6.3, 3.3, 6. , 2.5],\n",
       "       [5.8, 2.7, 5.1, 1.9],\n",
       "       [7.1, 3. , 5.9, 2.1],\n",
       "       [6.3, 2.9, 5.6, 1.8],\n",
       "       [6.5, 3. , 5.8, 2.2],\n",
       "       [7.6, 3. , 6.6, 2.1],\n",
       "       [4.9, 2.5, 4.5, 1.7],\n",
       "       [7.3, 2.9, 6.3, 1.8],\n",
       "       [6.7, 2.5, 5.8, 1.8],\n",
       "       [7.2, 3.6, 6.1, 2.5],\n",
       "       [6.5, 3.2, 5.1, 2. ],\n",
       "       [6.4, 2.7, 5.3, 1.9],\n",
       "       [6.8, 3. , 5.5, 2.1],\n",
       "       [5.7, 2.5, 5. , 2. ],\n",
       "       [5.8, 2.8, 5.1, 2.4],\n",
       "       [6.4, 3.2, 5.3, 2.3],\n",
       "       [6.5, 3. , 5.5, 1.8],\n",
       "       [7.7, 3.8, 6.7, 2.2],\n",
       "       [7.7, 2.6, 6.9, 2.3],\n",
       "       [6. , 2.2, 5. , 1.5],\n",
       "       [6.9, 3.2, 5.7, 2.3],\n",
       "       [5.6, 2.8, 4.9, 2. ],\n",
       "       [7.7, 2.8, 6.7, 2. ],\n",
       "       [6.3, 2.7, 4.9, 1.8],\n",
       "       [6.7, 3.3, 5.7, 2.1],\n",
       "       [7.2, 3.2, 6. , 1.8],\n",
       "       [6.2, 2.8, 4.8, 1.8],\n",
       "       [6.1, 3. , 4.9, 1.8],\n",
       "       [6.4, 2.8, 5.6, 2.1],\n",
       "       [7.2, 3. , 5.8, 1.6],\n",
       "       [7.4, 2.8, 6.1, 1.9],\n",
       "       [7.9, 3.8, 6.4, 2. ],\n",
       "       [6.4, 2.8, 5.6, 2.2],\n",
       "       [6.3, 2.8, 5.1, 1.5],\n",
       "       [6.1, 2.6, 5.6, 1.4],\n",
       "       [7.7, 3. , 6.1, 2.3],\n",
       "       [6.3, 3.4, 5.6, 2.4],\n",
       "       [6.4, 3.1, 5.5, 1.8],\n",
       "       [6. , 3. , 4.8, 1.8],\n",
       "       [6.9, 3.1, 5.4, 2.1],\n",
       "       [6.7, 3.1, 5.6, 2.4],\n",
       "       [6.9, 3.1, 5.1, 2.3],\n",
       "       [5.8, 2.7, 5.1, 1.9],\n",
       "       [6.8, 3.2, 5.9, 2.3],\n",
       "       [6.7, 3.3, 5.7, 2.5],\n",
       "       [6.7, 3. , 5.2, 2.3],\n",
       "       [6.3, 2.5, 5. , 1.9],\n",
       "       [6.5, 3. , 5.2, 2. ],\n",
       "       [6.2, 3.4, 5.4, 2.3],\n",
       "       [5.9, 3. , 5.1, 1.8]])"
      ]
     },
     "execution_count": 23,
     "metadata": {},
     "output_type": "execute_result"
    }
   ],
   "source": [
    "import seaborn as sns\n",
    "\n",
    "iris = sns.load_dataset(\"iris\")\n",
    "X = iris.iloc[:, :4].values # Não usa a coluna 'species'\n",
    "\n",
    "X"
   ]
  },
  {
   "cell_type": "code",
   "execution_count": 24,
   "id": "47eba3b7",
   "metadata": {},
   "outputs": [
    {
     "name": "stdout",
     "output_type": "stream",
     "text": [
      "Convergiu na iteração 24\n",
      "Pertinências: \n",
      " [[9.815e-01 1.130e-02 7.200e-03]\n",
      " [9.642e-01 2.200e-02 1.380e-02]\n",
      " [9.580e-01 2.570e-02 1.640e-02]\n",
      " [9.550e-01 2.770e-02 1.730e-02]\n",
      " [9.765e-01 1.430e-02 9.200e-03]\n",
      " [9.416e-01 3.580e-02 2.260e-02]\n",
      " [9.603e-01 2.430e-02 1.540e-02]\n",
      " [9.895e-01 6.400e-03 4.000e-03]\n",
      " [9.138e-01 5.280e-02 3.340e-02]\n",
      " [9.728e-01 1.670e-02 1.040e-02]\n",
      " [9.612e-01 2.370e-02 1.510e-02]\n",
      " [9.843e-01 9.700e-03 6.000e-03]\n",
      " [9.555e-01 2.730e-02 1.720e-02]\n",
      " [8.932e-01 6.450e-02 4.230e-02]\n",
      " [8.714e-01 7.670e-02 5.190e-02]\n",
      " [8.325e-01 9.980e-02 6.770e-02]\n",
      " [9.313e-01 4.140e-02 2.720e-02]\n",
      " [9.838e-01 9.900e-03 6.300e-03]\n",
      " [9.148e-01 5.220e-02 3.300e-02]\n",
      " [9.679e-01 1.960e-02 1.250e-02]\n",
      " [9.802e-01 1.230e-02 7.500e-03]\n",
      " [9.773e-01 1.390e-02 8.800e-03]\n",
      " [9.226e-01 4.640e-02 3.100e-02]\n",
      " [9.956e-01 2.700e-03 1.600e-03]\n",
      " [9.790e-01 1.310e-02 7.900e-03]\n",
      " [9.756e-01 1.520e-02 9.200e-03]\n",
      " [9.964e-01 2.200e-03 1.400e-03]\n",
      " [9.857e-01 8.800e-03 5.500e-03]\n",
      " [9.816e-01 1.120e-02 7.100e-03]\n",
      " [9.727e-01 1.690e-02 1.040e-02]\n",
      " [9.752e-01 1.540e-02 9.400e-03]\n",
      " [9.774e-01 1.390e-02 8.700e-03]\n",
      " [9.215e-01 4.740e-02 3.120e-02]\n",
      " [8.878e-01 6.720e-02 4.500e-02]\n",
      " [9.775e-01 1.390e-02 8.600e-03]\n",
      " [9.627e-01 2.270e-02 1.460e-02]\n",
      " [9.509e-01 2.990e-02 1.930e-02]\n",
      " [9.696e-01 1.850e-02 1.190e-02]\n",
      " [9.179e-01 5.010e-02 3.210e-02]\n",
      " [9.902e-01 6.100e-03 3.800e-03]\n",
      " [9.751e-01 1.520e-02 9.700e-03]\n",
      " [8.410e-01 9.730e-02 6.180e-02]\n",
      " [9.283e-01 4.360e-02 2.810e-02]\n",
      " [9.846e-01 9.500e-03 5.900e-03]\n",
      " [9.629e-01 2.310e-02 1.410e-02]\n",
      " [9.611e-01 2.400e-02 1.500e-02]\n",
      " [9.688e-01 1.910e-02 1.210e-02]\n",
      " [9.556e-01 2.720e-02 1.720e-02]\n",
      " [9.686e-01 1.920e-02 1.220e-02]\n",
      " [9.829e-01 1.050e-02 6.600e-03]\n",
      " [3.300e-02 3.929e-01 5.741e-01]\n",
      " [1.860e-02 6.992e-01 2.822e-01]\n",
      " [1.940e-02 2.813e-01 6.994e-01]\n",
      " [8.060e-02 7.352e-01 1.842e-01]\n",
      " [1.400e-02 6.786e-01 3.075e-01]\n",
      " [1.250e-02 9.090e-01 7.850e-02]\n",
      " [1.720e-02 5.610e-01 4.218e-01]\n",
      " [3.576e-01 4.524e-01 1.900e-01]\n",
      " [2.080e-02 6.364e-01 3.429e-01]\n",
      " [1.139e-01 6.923e-01 1.938e-01]\n",
      " [2.730e-01 5.105e-01 2.165e-01]\n",
      " [1.430e-02 9.081e-01 7.760e-02]\n",
      " [7.830e-02 7.218e-01 2.000e-01]\n",
      " [4.800e-03 9.101e-01 8.500e-02]\n",
      " [1.383e-01 6.801e-01 1.816e-01]\n",
      " [3.080e-02 6.113e-01 3.580e-01]\n",
      " [1.870e-02 8.592e-01 1.221e-01]\n",
      " [4.980e-02 8.124e-01 1.378e-01]\n",
      " [2.690e-02 7.369e-01 2.363e-01]\n",
      " [8.930e-02 7.414e-01 1.693e-01]\n",
      " [1.790e-02 6.093e-01 3.727e-01]\n",
      " [3.140e-02 8.506e-01 1.180e-01]\n",
      " [1.470e-02 5.708e-01 4.144e-01]\n",
      " [9.600e-03 8.716e-01 1.188e-01]\n",
      " [1.870e-02 8.292e-01 1.520e-01]\n",
      " [2.430e-02 6.844e-01 2.913e-01]\n",
      " [2.090e-02 4.070e-01 5.722e-01]\n",
      " [6.600e-03 1.252e-01 8.682e-01]\n",
      " [7.000e-04 9.913e-01 8.000e-03]\n",
      " [1.853e-01 6.257e-01 1.890e-01]\n",
      " [1.221e-01 6.907e-01 1.872e-01]\n",
      " [1.546e-01 6.525e-01 1.930e-01]\n",
      " [5.990e-02 7.991e-01 1.410e-01]\n",
      " [1.380e-02 4.880e-01 4.982e-01]\n",
      " [3.510e-02 7.887e-01 1.762e-01]\n",
      " [2.500e-02 7.267e-01 2.483e-01]\n",
      " [1.950e-02 4.310e-01 5.495e-01]\n",
      " [2.800e-02 7.678e-01 2.041e-01]\n",
      " [4.540e-02 8.213e-01 1.334e-01]\n",
      " [7.010e-02 7.666e-01 1.633e-01]\n",
      " [3.740e-02 8.172e-01 1.454e-01]\n",
      " [4.700e-03 9.296e-01 6.570e-02]\n",
      " [4.780e-02 8.202e-01 1.320e-01]\n",
      " [3.395e-01 4.671e-01 1.935e-01]\n",
      " [3.310e-02 8.514e-01 1.154e-01]\n",
      " [3.300e-02 8.515e-01 1.156e-01]\n",
      " [2.510e-02 8.786e-01 9.640e-02]\n",
      " [1.040e-02 9.148e-01 7.480e-02]\n",
      " [4.396e-01 3.918e-01 1.686e-01]\n",
      " [3.330e-02 8.583e-01 1.084e-01]\n",
      " [3.490e-02 2.339e-01 7.312e-01]\n",
      " [1.980e-02 4.697e-01 5.105e-01]\n",
      " [2.780e-02 1.920e-01 7.802e-01]\n",
      " [8.600e-03 1.142e-01 8.771e-01]\n",
      " [1.690e-02 1.498e-01 8.332e-01]\n",
      " [6.230e-02 2.818e-01 6.559e-01]\n",
      " [8.740e-02 6.401e-01 2.726e-01]\n",
      " [4.500e-02 2.526e-01 7.024e-01]\n",
      " [2.100e-02 1.944e-01 7.846e-01]\n",
      " [5.090e-02 2.552e-01 6.939e-01]\n",
      " [5.200e-03 8.120e-02 9.136e-01]\n",
      " [4.700e-03 8.070e-02 9.146e-01]\n",
      " [1.000e-02 9.960e-02 8.904e-01]\n",
      " [2.760e-02 5.361e-01 4.363e-01]\n",
      " [2.970e-02 3.786e-01 5.917e-01]\n",
      " [1.240e-02 1.394e-01 8.482e-01]\n",
      " [4.000e-03 5.360e-02 9.424e-01]\n",
      " [7.820e-02 3.001e-01 6.218e-01]\n",
      " [7.480e-02 3.041e-01 6.211e-01]\n",
      " [2.700e-02 5.916e-01 3.814e-01]\n",
      " [2.260e-02 1.691e-01 8.083e-01]\n",
      " [2.750e-02 5.870e-01 3.855e-01]\n",
      " [6.760e-02 2.937e-01 6.387e-01]\n",
      " [9.700e-03 3.648e-01 6.256e-01]\n",
      " [1.710e-02 1.441e-01 8.388e-01]\n",
      " [3.450e-02 2.192e-01 7.463e-01]\n",
      " [1.000e-02 5.476e-01 4.424e-01]\n",
      " [1.070e-02 4.515e-01 5.378e-01]\n",
      " [1.030e-02 1.172e-01 8.724e-01]\n",
      " [2.950e-02 2.136e-01 7.569e-01]\n",
      " [4.210e-02 2.453e-01 7.126e-01]\n",
      " [7.720e-02 3.005e-01 6.223e-01]\n",
      " [1.240e-02 1.332e-01 8.544e-01]\n",
      " [9.600e-03 3.101e-01 6.803e-01]\n",
      " [2.340e-02 3.225e-01 6.541e-01]\n",
      " [5.470e-02 2.669e-01 6.784e-01]\n",
      " [2.470e-02 2.042e-01 7.711e-01]\n",
      " [5.300e-03 7.150e-02 9.232e-01]\n",
      " [1.210e-02 6.354e-01 3.526e-01]\n",
      " [1.190e-02 1.146e-01 8.735e-01]\n",
      " [1.880e-02 1.560e-01 8.252e-01]\n",
      " [1.740e-02 1.685e-01 8.142e-01]\n",
      " [1.980e-02 4.697e-01 5.105e-01]\n",
      " [2.610e-02 1.845e-01 7.894e-01]\n",
      " [2.690e-02 1.930e-01 7.801e-01]\n",
      " [1.130e-02 1.245e-01 8.642e-01]\n",
      " [1.330e-02 3.243e-01 6.624e-01]\n",
      " [1.400e-03 2.190e-02 9.767e-01]\n",
      " [2.100e-02 2.068e-01 7.723e-01]\n",
      " [1.500e-02 4.087e-01 5.763e-01]]\n",
      "Centróides: \n",
      " [[5.0796637  3.35883678 1.71712083 0.34964904]\n",
      " [6.01752366 2.82512068 4.4911652  1.46409468]\n",
      " [6.49564812 2.96797585 5.2258752  1.85211088]]\n"
     ]
    }
   ],
   "source": [
    "U, C, J = fuzzy_cmeans(X, k=3, m=2)\n",
    "\n",
    "print(\"Pertinências: \\n\", np.round(U, 4))\n",
    "print(\"Centróides: \\n\", C)"
   ]
  },
  {
   "cell_type": "markdown",
   "id": "48bcbf68",
   "metadata": {},
   "source": [
    "## Etapa 3"
   ]
  },
  {
   "cell_type": "code",
   "execution_count": 25,
   "id": "6ff33117",
   "metadata": {},
   "outputs": [
    {
     "data": {
      "text/html": [
       "<div>\n",
       "<style scoped>\n",
       "    .dataframe tbody tr th:only-of-type {\n",
       "        vertical-align: middle;\n",
       "    }\n",
       "\n",
       "    .dataframe tbody tr th {\n",
       "        vertical-align: top;\n",
       "    }\n",
       "\n",
       "    .dataframe thead th {\n",
       "        text-align: right;\n",
       "    }\n",
       "</style>\n",
       "<table border=\"1\" class=\"dataframe\">\n",
       "  <thead>\n",
       "    <tr style=\"text-align: right;\">\n",
       "      <th></th>\n",
       "      <th>sepal_length</th>\n",
       "      <th>sepal_width</th>\n",
       "      <th>petal_length</th>\n",
       "      <th>petal_width</th>\n",
       "      <th>species</th>\n",
       "    </tr>\n",
       "  </thead>\n",
       "  <tbody>\n",
       "    <tr>\n",
       "      <th>0</th>\n",
       "      <td>5.1</td>\n",
       "      <td>3.5</td>\n",
       "      <td>1.4</td>\n",
       "      <td>0.2</td>\n",
       "      <td>setosa</td>\n",
       "    </tr>\n",
       "    <tr>\n",
       "      <th>1</th>\n",
       "      <td>4.9</td>\n",
       "      <td>3.0</td>\n",
       "      <td>1.4</td>\n",
       "      <td>0.2</td>\n",
       "      <td>setosa</td>\n",
       "    </tr>\n",
       "    <tr>\n",
       "      <th>2</th>\n",
       "      <td>4.7</td>\n",
       "      <td>3.2</td>\n",
       "      <td>1.3</td>\n",
       "      <td>0.2</td>\n",
       "      <td>setosa</td>\n",
       "    </tr>\n",
       "    <tr>\n",
       "      <th>3</th>\n",
       "      <td>4.6</td>\n",
       "      <td>3.1</td>\n",
       "      <td>1.5</td>\n",
       "      <td>0.2</td>\n",
       "      <td>setosa</td>\n",
       "    </tr>\n",
       "    <tr>\n",
       "      <th>4</th>\n",
       "      <td>5.0</td>\n",
       "      <td>3.6</td>\n",
       "      <td>1.4</td>\n",
       "      <td>0.2</td>\n",
       "      <td>setosa</td>\n",
       "    </tr>\n",
       "  </tbody>\n",
       "</table>\n",
       "</div>"
      ],
      "text/plain": [
       "   sepal_length  sepal_width  petal_length  petal_width species\n",
       "0           5.1          3.5           1.4          0.2  setosa\n",
       "1           4.9          3.0           1.4          0.2  setosa\n",
       "2           4.7          3.2           1.3          0.2  setosa\n",
       "3           4.6          3.1           1.5          0.2  setosa\n",
       "4           5.0          3.6           1.4          0.2  setosa"
      ]
     },
     "execution_count": 25,
     "metadata": {},
     "output_type": "execute_result"
    }
   ],
   "source": [
    "iris.head()"
   ]
  },
  {
   "cell_type": "code",
   "execution_count": 26,
   "id": "03900f8c",
   "metadata": {},
   "outputs": [],
   "source": [
    "filtered_iris = iris[iris['species']!='setosa']\n",
    "X = filtered_iris.iloc[:, :4].values"
   ]
  },
  {
   "cell_type": "code",
   "execution_count": 27,
   "id": "3ef59ef5",
   "metadata": {},
   "outputs": [],
   "source": [
    "#filtered_iris['species'].values"
   ]
  },
  {
   "cell_type": "code",
   "execution_count": 28,
   "id": "2e3d58f6",
   "metadata": {},
   "outputs": [
    {
     "name": "stdout",
     "output_type": "stream",
     "text": [
      "Convergiu na iteração 29\n"
     ]
    }
   ],
   "source": [
    "U, C, J = fuzzy_cmeans(X, k=2, m=2)"
   ]
  },
  {
   "cell_type": "code",
   "execution_count": 29,
   "id": "c29bfc1b",
   "metadata": {},
   "outputs": [
    {
     "name": "stdout",
     "output_type": "stream",
     "text": [
      "[1.02004692 1.86261001]\n"
     ]
    }
   ],
   "source": [
    "distancias = cdist(X, C, metric='euclidean')\n",
    "print(distancias[50])"
   ]
  },
  {
   "cell_type": "code",
   "execution_count": 30,
   "id": "e3e9b274",
   "metadata": {},
   "outputs": [
    {
     "data": {
